0000100000000110101100001111100000001111100001101011000000001000
0000011010000010101101010101110110001111110000001001000000000000
0000011000001000001000111101010101001011010111100000000000000000
0000000000001000111000001101100000001000010111111000000010000000
0000000000001100101001010000011010011001000101111101000010000000
0000000000000100101010101001011010111011010100111001000000000000
0000100000000000110000100001111100100001110111100001000000000000
0000110000001000011000000001110001000100000011101100000000000000
0000010000001001001000000101111111110110010101111101000000000000
0000001000011101100010010101011111111110100110010000000000000000
0000001100011100010010010101111111111111110110110000000000000000
0000001010000111111000001011111111121201010011100110000000000000
0000000010000011110000011010111111122111110001101100100000000000
0000000000010010110011010101111111112111110011001100100000000000
0000000000011010010010011111110121111202110011110000000000010000
0000000100011000100000101111211111121122111001110010000000010100
0000001100011001110011101111101001112120211000110011010000000100
0010001100011111110010111112011111101212111100101011010000000100
0010001100001111110010111122122111211222011110111010010000000000
1000011000001110000000012122231120221231211010011000000100000000
1000110000101110000001011121312332122221211010011001100100000001
1000110010111111000001111113334323413211211100100001100000010001
1000010010110111100111110214153343543312111101100011100000010000
1000010010110111100110110234542554150422101201100011100100110000
0000000001110111111110111241616435634421111100001011000110000000
0000000001010011111010111143565253836230121000010111010110000000
0000000000010111011011111035272545475321121011010111010101000000
0000000001001111010011011126357587572522221111011111000100000000
00000000010011110110120112156296B8A33512221110111110010100000000
0000000001001111111012021214858666B37412210210111110111100000000
00000000010111011010121212239666J9969312221210111110111000000000
0000000000111101101012221233A64DSF67A322221211111110111000000000
0000000000111011111112222233B73GVG37B332222211111110111000000000
0000000000111011111112122223A76FSD46A332122210101101111000000000
00000000001110111110121222139699J6669322121210101101110100000000
000000000111101111101201221473B666858412120210111111100100000000
000000000101001111101112221533A8B6926512110210110111100100000000
0000000001000111110111122225275785753621110110010111100100000000
0000000101010111010110121123574545272530111110110111010000000000
0000000011010111010000121032638352565341111010111110010100000000
0000000011000110100001111124436534616142111011111111011100000000
1000011001001110001102101224051455245432011011001111011010010000
1000010000001110001101111213345343351412011111001111011010010000
1100010000001100001001112112314323433311111100000111111010011000
1100000001001100110010112122221233213121110100000011101000011000
1000000001000000110010112132122021132221210000000011100000110000
0000000000010010111011110222112111221221111010011111100001100010
0001000000010110101001111212101111110211111010011111110001100010
0001000000010110011000112021211100101111101110011100110001100000
0001010000000010011100111221121111112111101000001000110001000000
0000010000000000011110011202111121011111110010010010110000000000
0000000000001001100110011111211111111101010110011010010000000000
0000000000001001101100011111221111111010110000011110000010000000
0000000000000011001110010102121111111110100000111111000010100000
0000000000000000011011011111111111111101010010010001110001100000
0000000000000000010011001011111111110101010010001101110000100000
0000000000000101111101010011011111111101000000100100100000010000
0000000000000001101110000001000100011100000000110000100000011000
0000000000000100001111011100001001111100001000011000000000001000
0000000000000100111001010110111010110100101010101001000000000000
0000000010000101111101000100110010110000010100101001100000000000
0000000010000000111111010000100000001101100000111000100000000000
0000000000000000001111010110100101010101111000100000100000110000
0000000000000100100000011111100011011101010101101010000010110000
