0000000000000000000000000000000000000000000000000000000000000000
1000000000000000000000000000000000000000000000000000000000000000
1111110000001111111111111111111111111111111111111111100000011111
2222110000111122222111111111112222211111111111222221111000011222
3332211000112222222222211122222222222221112222222222211000112233
4433221001122233322222222222222222222222222222223332221100122334
4443321001223333332222211122222222222221112222233333322100123344
4443321001223333332221111111122222221111111122233333322100123344
5443321001233333322211100011111111111110001112223333332100123344
4443220012233333322100000000001111100000000001223333332210022344
4443210012233333221000000000000000000000000000122333332210012344
4433210012333332210001111111100000001111111100012233333210012334
3332100122333322100112233222111101111222332211001223333221001233
3322100122333321001223344333221111122333443322100123333221001223
2221000123333210012344454443322212223344454443210012333321000122
2211001223332210023445555544322212223445555544320012233322100112
1110001223332100124456666544322111223445666654421001233322100011
1000011233322100234566666543221000122345666665432001223332110000
0000012233321001245667766543100000001345667766542100123332210000
0000112233221001345667665431001121100134566766543100122332211000
0000112222221012345666654310123444321013456666543210122222211000
0000112222210012345666543101345666543101345666543210012222211000
0000112222210012345555431024578999875420134555543210012222211000
00001112221100123455543102468ABCCCBA8642013455543210011222111000
0000011121110012344443102469BDEFFFEDB964201344443210011121110000
000000111110001234443201469BEGHIIIHGEB96410234443210001111100000
00000011111001123333201368BEGIKLLLKIGEB8631023333211001111100000
1100000111000112333210257ADGJLNNONNLJGDA752012333211000111000001
1110000000000112222101369CFILNPQQQPNLIFC963101222211000000000011
111100000000011222210247AEHKNPRSSSRPNKHEA74201222211000000000111
221100000000011222100358BFILOQSTTTSQOLIFB85300122211000000000112
221110000000011222101369CGJMPRTUUUTRPMJGC96310122211000000001112
221110000000011222101369CGJMPRTUVUTRPMJGC96310122211000000001112
221110000000011222101369CGJMPRTUUUTRPMJGC96310122211000000001112
221100000000011222100358BFILOQSTTTSQOLIFB85300122211000000000112
111100000000011222210247AEHKNPRSSSRPNKHEA74201222211000000000111
1110000000000112222101369CFILNPQQQPNLIFC963101222211000000000011
1100000111000112333210257ADGJLNNONNLJGDA752012333211000111000001
00000011111001123333201368BEGIKLLLKIGEB8631023333211001111100000
000000111110001234443201469BEGHIIIHGEB96410234443210001111100000
0000011121110012344443102469BDEFFFEDB964201344443210011121110000
00001112221100123455543102468ABCCCBA8642013455543210011222111000
0000112222210012345555431024578999875420134555543210012222211000
0000112222210012345666543101345666543101345666543210012222211000
0000112222221012345666654310123444321013456666543210122222211000
0000112233221001345667665431001121100134566766543100122332211000
0000012233321001245667766543100000001345667766542100123332210000
1000011233322100234566666543221000122345666665432001223332110000
1110001223332100124456666544322111223445666654421001233322100011
2211001223332210023445555544322212223445555544320012233322100112
2221000123333210012344454443322212223344454443210012333321000122
3322100122333321001223344333221111122333443322100123333221001223
3332100122333322100112233222111101111222332211001223333221001233
4433210012333332210001111111100000001111111100012233333210012334
4443210012233333221000000000000000000000000000122333332210012344
4443220012233333322100000000001111100000000001223333332210022344
5443321001233333322211100011111111111110001112223333332100123344
4443321001223333332221111111122222221111111122233333322100123344
4443321001223333332222211122222222222221112222233333322100123344
4433221001122233322222222222222222222222222222223332221100122334
3332211000112222222222211122222222222221112222222222211000112233
2222110000111122222111111111112222211111111111222221111000011222
1111110000001111111111111111111111111111111111111111100000011111
1000000000000000000000000000000000000000000000000000000000000000
