0000000000000000000000000000000000000000000000000000000000000000
0000000000000000000000000000010353010000000000000000000000000000
0000000000000000000000000000000000000000000000000000000000000000
0000000000000000000000000000010353010000000000000000000000000000
0000000000000000000000000000000000000000000000000000000000000000
0000000000000000000000000000010353010000000000000000000000000000
0000000000000000000000000000000000000000000000000000000000000000
0000000000000000000000000000010464010000000000000000000000000000
0000000000000000000000000000000000000000000000000000000000000000
0000000000000000000000000000010464010000000000000000000000000000
0000000000000000000000000000000000000000000000000000000000000000
0000000000000000000000000000010464010000000000000000000000000000
0000000000000000000000000000000000000000000000000000000000000000
0000000000000000000000000001010474010100000000000000000000000000
0000000000000000000000000000000000000000000000000000000000000000
0000000000000000000000000001010575010100000000000000000000000000
0000000000000000000000000000000000000000000000000000000000000000
0000000000000000000000000001010585010100000000000000000000000000
0000000000000000000000000000000000000000000000000000000000000000
0000000000000000000000000001020696020100000000000000000000000000
0000000000000000000000000000000000000000000000000000000000000000
00000000000000000000000001010207A7020101000000000000000000000000
0000000000000000000000000000000000000000000000000000000000000000
00000000000000000000000101010308C8030101010000000000000000000000
0000000000000000000000000000000000000000000000000000000000000000
0000000000000000000001010102030AEA030201010100000000000000000000
0000000000000000000000000000000000000000000000000000000000000000
0000000000000101010101010203050DID050302010101010101000000000000
0000000000000000000000000000000000000000000000000000000000000000
0101010101010101010202030305080JQJ080503030202010101010101010101
0000000000000000000000000000000000000000000000000000000000000000
0303030404040405050607080A0D0J0]f]0J0D0A080706050504040404030303
050505060606070708090A0C0E0I0Q0fqf0Q0I0E0C0A09080707060606050505
0303030404040405050607080A0D0J0]f]0J0D0A080706050504040404030303
0000000000000000000000000000000000000000000000000000000000000000
0101010101010101010202030305080JQJ080503030202010101010101010101
0000000000000000000000000000000000000000000000000000000000000000
0000000000000101010101010203050DID050302010101010101000000000000
0000000000000000000000000000000000000000000000000000000000000000
0000000000000000000001010102030AEA030201010100000000000000000000
0000000000000000000000000000000000000000000000000000000000000000
00000000000000000000000101010308C8030101010000000000000000000000
0000000000000000000000000000000000000000000000000000000000000000
00000000000000000000000001010207A7020101000000000000000000000000
0000000000000000000000000000000000000000000000000000000000000000
0000000000000000000000000001020696020100000000000000000000000000
0000000000000000000000000000000000000000000000000000000000000000
0000000000000000000000000001010585010100000000000000000000000000
0000000000000000000000000000000000000000000000000000000000000000
0000000000000000000000000001010575010100000000000000000000000000
0000000000000000000000000000000000000000000000000000000000000000
0000000000000000000000000001010474010100000000000000000000000000
0000000000000000000000000000000000000000000000000000000000000000
0000000000000000000000000000010464010000000000000000000000000000
0000000000000000000000000000000000000000000000000000000000000000
0000000000000000000000000000010464010000000000000000000000000000
0000000000000000000000000000000000000000000000000000000000000000
0000000000000000000000000000010464010000000000000000000000000000
0000000000000000000000000000000000000000000000000000000000000000
0000000000000000000000000000010353010000000000000000000000000000
0000000000000000000000000000000000000000000000000000000000000000
0000000000000000000000000000010353010000000000000000000000000000
0000000000000000000000000000000000000000000000000000000000000000
0000000000000000000000000000010353010000000000000000000000000000
