0000000000000000000000000000000000000000000000000000000000000000
0000000000000000000000000000000000000000000000000000000000000000
0000000000000000000000000000000000000000000000000000000000000000
0000000000000000000000000000000000000000000000000000000000000000
0000000000000000000000000000000000000000000000000000000000000000
0000000000000000000000000000000000000000000000000000000000000000
0000000000000000000000000000000000000000000000000000000000000000
0000000000000000000000000000000010000000000000000000000000000000
0000000000000000000000000000000010000000000000000000000000000000
0000000000000000000000000000000000000000000000000000000000000000
0000000000000000000000000000000000000000000000000000000000000000
0000000000000000000000000000000010000000000000000000000000000000
0000000000000000000000000000000010000000000000000000000000000000
0000000000000000000000000000000010000000000000000000000000000000
0000000000000000000000000000000010000000000000000000000000000000
000000000000000HB00000000000000010000000000000000000000000000000
000000000000000BH00000000000000010000000000000000000000000000000
0000000000000000000000000000000111000000000000000000000000000000
0000000000000000000000000000000110000000000000000000000000000000
0000000000000000000000000000000011000000000000000000000000000000
0000000000000000000000000000000020000000000000000000000000000000
0000000000000000000000000000000020000000010000000000000000000000
0000000000000000000000000010000020000000000000000000000000000000
0000000000000000000000000000001121100001000000000000000000000000
0000000000000000000000000000000141000000000000000000000000000000
0000000000000000000000000000001131100000000000000000000000000000
0000000000000000000000000001001132110001000001000000000000000000
0000000000000000000000000110222454311110001000000000000000000000
0000000000000000000000000111011142321201010000000000000000000000
0000000000000000000001010000214556413020101101010000000000000000
0000000000000000000000102020232655121111100000000000000000000000
0000000000000000001010112243457484845332210000000000000000000000
1000001100001100010021212033082IUI280330212120010001100001100000
0000000000000000000000012233548484754342211010100000000000000000
0000000000000000000000001111121556232020201000000000000000000000
0000000000000000010101101020314655412000010100000000000000000000
0000000000000000000000010102123241110111000000000000000000000000
0000000000000000000000100011113454222011000000000000000000000000
0000000000000000000100000100011231100100000000000000000000000000
0000000000000000000000000000001131100000000000000000000000000000
0000000000000000000000000000000141000000000000000000000000000000
0000000000000000000000000100001121100000000000000000000000000000
0000000000000000000000000000000020000010000000000000000000000000
0000000000000000000000010000000020000000000000000000000000000000
0000000000000000000000000000000020000000000000000000000000000000
0000000000000000000000000000000110000000000000000000000000000000
0000000000000000000000000000000011000000000000000000000000000000
000000000000000000000000000000011100000000000000B000000000000000
00000000000000000000000000000000100000000000000BN000000000000000
0000000000000000000000000000000010000000000000000000000000000000
0000000000000000000000000000000010000000000000000000000000000000
0000000000000000000000000000000010000000000000000000000000000000
0000000000000000000000000000000010000000000000000000000000000000
0000000000000000000000000000000010000000000000000000000000000000
0000000000000000000000000000000000000000000000000000000000000000
0000000000000000000000000000000000000000000000000000000000000000
0000000000000000000000000000000010000000000000000000000000000000
0000000000000000000000000000000010000000000000000000000000000000
0000000000000000000000000000000000000000000000000000000000000000
0000000000000000000000000000000000000000000000000000000000000000
0000000000000000000000000000000000000000000000000000000000000000
0000000000000000000000000000000000000000000000000000000000000000
0000000000000000000000000000000000000000000000000000000000000000
0000000000000000000000000000000000000000000000000000000000000000
