0000000000000000100000000001000000000100000000001000000000000000
0000000000000000100000000000000000000000000000000000000000000000
0000000000000000000000000000000000000000010100000000000000000000
0000000000000000000000000000000000000000000001101000000000000000
0000000000000000100000000000000000000000000001001000000000000000
0000000000000000100000000000000000000001000000000000000000000000
0000000000000000000000000000000000000000000000100000000000000000
0000000000000000000000000000000000000000000001100000000000000000
0000000000000000000000000000000000000100000000000000000000000000
0000000000000000000000010100011000011010000010000000000000000000
0000000000000000000000000000010001001101000010100000000000000000
0000000000000000010000000000110110010101010000100000000000000000
0000000000000010010000010000010110011010100000000000000000000000
0000000000000010000000010000000010101011100000000000000000000000
0000000000000000000000000010100110110102010000000000000000000000
0000000000000000000000001110100111011111010000000000000000000000
0000000000000000000000001100100000101120100000000000000000000000
0000000000000000000010000001000010000201101000000000000000000000
0000000000000000000000001122011001101212001000000000000000000000
0000000000000100000000001121220110121221100000000000000000000000
0000000000000000000000011021312222121220200000000000000000000000
0000000000000000000001000113224222402211100000000001000000000000
0000000000000001000000000214053242442312001100000001000000000000
0000000000000001000000000223442444150412001100000001000000000000
0000000000000001100000010131605324523321011100000011000000000000
0000000000000000000010011043454253735120011000000010000000000000
0000000000000000000010011035161444365320111000000010000000000000
0000000000000000000010001125347486461511111100000110000000000000
00000000000000000000110111156196B7A33511110110000100000000000000
0000000000000000000012011104847566A27411110110001100000000000000
00000000000000000010120101239655I9969201110110001000000000000000
0000000000000000001012121233A63CSE67A212211110100000001000000000
0000000000010000001011121223A62GVG26A322121110100000010000000000
0000000000100000001011112212A76ESC36A332121210100000000000000000
00000000000000001000110111029699I5569321010210100000000000000000
000000000000000110001101111472A665748401110210000000000000000000
000000000000000100001101111533A7B6916511110110000000000000000000
0000000000000011000001111115164684743521100010000000000000000000
0000000000000010000000111023563444161530110010000000000000000000
0000000000000010000000110021537352454340110010000000000000000000
0000000000000110000001110123325423506131010000001100000000000000
0000000000000100000001100214051444244322000000000100000000000000
0000000000000100000001100213244242350412000000000100000000000000
0000000000000100000000001112204222422311000100000000000000000000
0000000000000000000000002022121222213120110000000000000000000000
0000000000000000000000001122121011022121100000000001000000000000
0000000000000000000000100212101100110221100000000000000000000000
0000000000000000000000101102000010000100000010000000000000000000
0000000000000000000000001021101000001001100000000000000000000000
0000000000000000000000010111110111001011100000000000000000000000
0000000000000000000000010201011011001010000000000000000000000000
0000000000000000000000001110101010000000010000000010000000000000
0000000000000000000000001010110011010000010000010010000000000000
0000000000000000001000010101010011011000000000010000000000000000
0000000000000000001010000101100100010000000000000000000000000000
0000000000000000000010000010110000110001010000000000000000000000
0000000000000000000000000001000000000000000000000000000000000000
0000000000000000001100000000000000000000000000000000000000000000
0000000000000000001000000000000000000000000000000000000000000000
0000000000000000000000000100000000000000000000001000000000000000
0000000000000000100100000000000000000000000000001000000000000000
0000000000000000101100000000000000000000000000000000000000000000
0000000000000000000001010000000000000000000000000000000000000000
0000000000000000000000000000000000000000000000001000000000000000
